0 0.085648 0.057971 0.162037 0.096618
0 0.337963 0.057971 0.305556 0.096618
0 0.657407 0.057971 0.287037 0.096618
0 0.916667 0.057971 0.166667 0.096618
0 0.194444 0.171498 0.305556 0.101449
0 0.513889 0.166667 0.296296 0.091787
0 0.842593 0.171498 0.305556 0.101449
0 0.081019 0.287440 0.152778 0.111111
0 0.333333 0.285024 0.296296 0.096618
0 0.645833 0.282609 0.300926 0.101449
0 0.912037 0.287440 0.166667 0.091787
0 0.208333 0.408213 0.296296 0.101449
0 0.525463 0.405797 0.300926 0.106280
0 0.847222 0.403382 0.305556 0.101449
0 0.097222 0.526570 0.185185 0.115942
0 0.363426 0.521739 0.310185 0.106280
0 0.680556 0.519324 0.324074 0.111111
0 0.923611 0.524155 0.143519 0.111111
0 0.206019 0.652174 0.319444 0.106280
0 0.530093 0.647343 0.291667 0.115942
0 0.847222 0.649758 0.305556 0.101449
0 0.087963 0.756039 0.166667 0.101449
0 0.319444 0.765700 0.305556 0.111111
0 0.638889 0.765700 0.296296 0.101449
0 0.905093 0.758454 0.189815 0.106280
0 0.217593 0.881643 0.324074 0.111111
0 0.546296 0.874396 0.305556 0.096618
0 0.856481 0.886473 0.287037 0.101449
0 0.090278 0.973430 0.171296 0.043478
0 0.340278 0.971014 0.300926 0.038647
0 0.652778 0.975845 0.296296 0.028986
0 0.914352 0.975845 0.171296 0.038647
